M: 2
0 0 0 0 
M: 5
1 1 1 0 
M: 5
2 2 2 1 
M: 7
3 3 2 0 
M: 8
4 3 2 0 
M: 8
5 4 3 1 
M: 8
6 5 4 2 
M: 8
7 6 5 3 
M: 8
8 7 6 4 
M: 9
9 8 5 0 
M: 9
10 9 6 1 
M: 10
11 9 6 0 
M: 10
12 10 7 1 
M: 11
13 11 7 0 
M: 11
14 12 8 1 
M: 11
15 13 9 2 
M: 11
16 14 10 3 
M: 11
17 15 11 4 
M: 11
18 16 12 5 
M: 11
19 17 13 6 
M: 11
20 18 14 7 
M: 11
21 19 15 8 
M: 11
22 20 16 9 
M: 11
23 21 17 10 
M: 11
24 22 18 11 
M: 11
25 23 19 12 
M: 11
26 24 20 13 
M: 11
27 25 21 14 
M: 11
28 26 22 15 
M: 11
29 27 23 16 
M: 11
30 28 24 17 
M: 12
31 26 17 0 
M: 12
32 27 18 1 
M: 12
33 28 19 2 
M: 12
34 29 20 3 
M: 12
35 30 21 4 
M: 12
36 31 22 5 
M: 13
37 31 20 0 
M: 13
38 32 21 1 
M: 13
39 33 22 2 
M: 13
40 34 23 3 
M: 13
41 35 24 4 
M: 13
42 36 25 5 
M: 13
43 37 26 6 
M: 14
44 37 24 0 
M: 14
45 38 25 1 
M: 14
46 39 26 2 
M: 14
47 40 27 3 
M: 14
48 41 28 4 
M: 14
49 42 29 5 

